$SPEC_ID:
Count period 029
$SPEC_REM:
DET# 1
DETDESC# SE-PHYS-320-H37 Model 927 SN 7149528 Input 1
AP# Maestro Version 7.01
$DATE_MEA:
06/19/2025 12:01:22
$MEAS_TIM:
296 300
$DATA:
0 511
       0
       0
       0
       4
       7
      13
    1542
    1712
    1837
    1765
    1822
    1804
    1795
    1919
    1885
    1961
    1982
    1952
    2070
    2116
    2376
    2472
    2493
    2568
    2781
    2778
    2919
    2867
    2929
    2797
    2749
    2618
    2562
    2483
    2387
    2374
    2318
    2258
    2234
    2258
    2241
    2265
    2215
    2261
    2301
    2287
    2272
    2118
    2248
    2179
    2123
    2279
    2311
    2335
    2257
    2256
    2335
    2356
    2435
    2439
    2535
    2546
    2575
    2473
    2533
    2526
    2542
    2498
    2592
    2556
    2459
    2455
    2265
    2380
    2277
    2294
    2238
    2365
    2248
    2197
    2187
    2228
    2269
    2084
    2164
    2078
    2119
    2143
    2146
    2197
    2051
    2114
    2090
    2054
    2046
    2076
    2008
    2037
    2086
    2049
    1959
    2065
    2031
    2093
    2035
    2067
    2063
    2067
    1966
    2054
    1977
    2096
    2042
    2048
    2003
    1961
    2036
    1906
    2029
    2025
    1953
    2044
    2007
    1983
    2072
    2035
    2077
    1944
    2006
    2027
    1954
    2052
    2050
    1921
    2032
    1941
    2000
    1886
    1936
    2012
    1940
    1891
    1997
    1815
    1834
    1714
    1662
    1741
    1665
    1560
    1573
    1527
    1465
    1434
    1399
    1352
    1297
    1291
    1251
    1232
    1133
    1215
    1140
    1124
    1075
    1088
    1013
    1025
     978
     955
    1003
     949
     942
     992
     948
     897
    1002
     944
    1109
    1077
    1155
    1299
    1327
    1421
    1624
    1690
    1918
    2138
    2397
    2725
    2937
    3233
    3511
    4090
    4259
    4689
    5055
    5352
    5718
    6086
    6440
    6630
    6894
    7223
    7156
    7323
    7293
    7307
    7379
    7136
    7034
    6732
    6528
    6180
    5868
    5603
    5160
    4806
    4311
    4039
    3690
    3336
    2958
    2564
    2289
    2165
    1649
    1478
    1361
    1082
     919
     764
     675
     526
     430
     333
     299
     242
     203
     166
     151
     106
      89
      78
      57
      51
      35
      34
      30
      30
      31
      29
      29
      23
      19
      17
      19
      16
      13
      12
      17
      16
      12
      20
      22
      16
      15
      15
      20
      22
      19
      12
      20
      11
      13
      17
      15
      24
      23
      14
      14
      12
      13
      13
      17
      11
      11
      19
      10
      11
      13
      17
      13
      15
      14
      12
      11
       7
      15
       7
      11
      11
       9
       5
      11
      11
      12
      14
      10
      10
      11
       7
       7
       8
      15
      11
      14
       9
      15
      14
       8
      13
      13
      10
       7
      19
      12
       6
      11
      16
       8
      12
      11
       8
      14
       9
      11
       6
       8
      15
      11
      13
      13
       5
      11
      10
       8
       9
       9
       8
      10
       8
       6
       7
       8
       9
       9
       8
      10
       7
      10
      13
       6
       5
       5
      10
       3
      13
       6
       9
       6
       8
       7
       6
       5
       6
       8
       2
       9
       4
       7
      10
       6
       2
       4
       5
       5
       4
       8
       6
       4
       9
       3
       4
       7
       5
       5
       6
       7
       6
       8
       4
       4
       2
       4
       3
       7
       8
       6
       5
       9
       5
       5
      11
       9
       7
       7
       7
       6
       6
       7
       7
       5
      12
       4
      11
       9
       8
       8
       8
      11
       4
       7
       9
       3
       9
       7
      10
       8
      14
      11
       9
       8
       9
       9
      10
       8
       9
       5
       8
       7
       5
       5
       4
       6
       8
       6
       7
       3
       5
       2
       4
       5
       1
       7
       3
       0
       3
       2
       3
       2
       3
       4
       3
       1
       5
       4
       5
       3
       2
       2
       1
       2
       0
       0
       2
       1
       1
       4
       1
       0
       0
       0
       0
       0
       0
       0
       0
       0
       0
       0
       0
       0
       0
       0
       0
       0
       0
       0
       0
       0
       0
$ROI:
0
$PRESETS:
Live Time
300
0
$ENER_FIT:
0.000000 3.000000
$MCA_CAL:
3
0.000000E+000 3.000000E+000 0.000000E+000 keV
$SHAPE_CAL:
3
0.000000E+000 0.000000E+000 0.000000E+000
