$SPEC_ID:
Count period 029
$SPEC_REM:
DET# 1
DETDESC# SE-PHYS-320-H37 Model 927 SN 7149528 Input 1
AP# Maestro Version 7.01
$DATE_MEA:
06/19/2025 12:09:58
$MEAS_TIM:
299 300
$DATA:
0 511
       0
       0
       0
       0
       0
       0
     122
     130
     116
     113
     127
     130
     132
     152
     156
     159
     193
     212
     249
     260
     302
     367
     397
     452
     507
     535
     540
     568
     556
     569
     552
     519
     569
     552
     505
     506
     509
     499
     480
     484
     477
     458
     491
     467
     432
     411
     364
     393
     387
     404
     350
     333
     356
     359
     340
     343
     319
     337
     296
     309
     299
     317
     279
     269
     237
     251
     215
     265
     253
     207
     228
     235
     224
     219
     203
     166
     187
     173
     160
     184
     151
     153
     152
     145
     150
     147
     126
     111
     119
     115
     119
     120
     113
      99
      99
      89
     105
      90
      74
      78
     111
      77
      95
      81
      79
     101
      78
      69
      73
      67
      70
      69
      57
      69
      68
      63
      66
      51
      63
      67
      58
      44
      53
      61
      55
      43
      54
      55
      58
      35
      51
      46
      40
      40
      51
      44
      48
      49
      37
      46
      29
      39
      48
      40
      34
      30
      31
      32
      23
      38
      36
      37
      33
      24
      27
      34
      34
      37
      34
      29
      26
      29
      19
      29
      30
      31
      32
      24
      30
      32
      31
      26
      29
      25
      34
      31
      36
      31
      31
      22
      30
      31
      25
      20
      26
      29
      21
      31
      31
      27
      25
      21
      31
      24
      31
      26
      25
      31
      25
      22
      24
      23
      21
      20
      15
      25
      13
      18
      21
      23
      20
      24
      17
      18
      11
      17
      11
       8
      12
      15
      16
      18
      21
      18
      16
       3
      13
      16
      16
      12
      11
      10
      11
      16
       7
      14
      13
      13
       6
      15
      17
      11
      12
      17
      18
      10
      13
      14
       8
       5
       4
      10
      14
       5
      15
      11
       9
      15
      10
      12
       8
      11
      15
      13
       6
      11
       7
       4
      10
      11
       6
      12
      13
       9
      19
      15
      10
      11
      12
      12
       9
       7
       6
       9
      11
      11
      10
      12
      17
      18
       8
      11
      14
       9
      11
      13
       3
      10
       8
       7
      12
      11
       9
      10
       8
      14
      10
       9
       2
       8
       8
       8
      11
      10
       8
       5
       7
       9
       5
       4
       7
       9
       3
       4
      10
       7
       8
       4
       4
       8
       4
      13
       7
       8
       6
       7
       8
       7
       5
       9
       6
       7
      10
       8
      10
       8
      10
       5
       4
       5
      10
       7
       3
       5
       6
       5
       5
       6
       3
       8
       6
       6
       3
       4
       5
       6
       4
       4
       9
       7
       2
       0
       2
       3
       3
      11
       1
       8
       4
       5
       7
       4
       2
       4
       3
       5
       3
       6
       4
       3
       4
       3
       5
       3
       4
       2
       4
       2
       3
       2
       4
       3
       2
       2
       6
       4
       6
       5
       3
       5
       6
       2
       5
       6
       7
      10
      11
       4
       9
       3
       5
       4
      10
       8
       7
       3
       4
       9
       7
      12
       3
       6
       8
       4
      12
       9
       8
       5
       4
       4
       1
       4
       8
       8
      13
       5
       3
       6
       3
       8
       3
       7
       3
       1
       6
       0
       5
       5
       2
       4
       2
       3
       2
       7
       2
       4
       3
       2
       3
       5
       2
       1
       3
       4
       1
       3
       1
       1
       1
       4
       0
       1
       2
       1
       4
       2
       3
       0
       0
       0
       0
       0
       0
       0
       0
       0
       0
       0
       0
       0
       0
       0
       0
       0
       0
       0
       0
       0
       0
       0
       0
       0
$ROI:
0
$PRESETS:
Live Time
300
0
$ENER_FIT:
0.000000 3.000000
$MCA_CAL:
3
0.000000E+000 3.000000E+000 0.000000E+000 keV
$SHAPE_CAL:
3
0.000000E+000 0.000000E+000 0.000000E+000
