$SPEC_ID:
Count period 029
$SPEC_REM:
DET# 1
DETDESC# SE-PHYS-320-H37 Model 927 SN 7149528 Input 1
AP# Maestro Version 7.01
$DATE_MEA:
06/19/2025 13:38:29
$MEAS_TIM:
599 600
$DATA:
0 511
       0
       0
       0
       0
       0
       1
     266
     244
     230
     245
     266
     275
     261
     295
     319
     384
     380
     416
     495
     534
     567
     686
     731
     874
     935
    1010
    1100
    1078
    1116
    1135
    1151
    1060
    1074
    1063
    1020
    1015
    1030
     965
     986
     996
     932
     905
     879
     859
     869
     858
     824
     768
     779
     764
     786
     726
     746
     702
     707
     673
     644
     649
     608
     589
     602
     571
     569
     527
     516
     552
     511
     497
     494
     490
     480
     453
     443
     417
     417
     396
     407
     382
     403
     328
     365
     355
     351
     330
     313
     304
     285
     303
     247
     292
     264
     247
     269
     260
     243
     222
     218
     201
     224
     213
     225
     172
     183
     205
     190
     194
     173
     187
     174
     160
     161
     156
     184
     188
     173
     160
     153
     141
     130
     130
     118
     120
     102
     136
     126
     110
     120
     136
     114
      89
     105
     102
     116
     124
     101
     102
      99
      87
     105
      97
     106
     101
     122
      99
      99
     122
      94
     117
     115
     120
      97
     136
     152
     137
     141
     152
     170
     156
     157
     176
     161
     169
     161
     166
     185
     173
     199
     172
     156
     153
     148
     156
     126
     140
     119
     116
     106
     101
     106
      90
     102
      81
      85
      80
      81
      65
      81
      55
      68
      74
      49
      54
      68
      55
      63
      48
      68
      75
      53
      50
      57
      53
      60
      45
      60
      55
      44
      47
      37
      41
      54
      47
      51
      36
      40
      41
      37
      37
      47
      49
      40
      48
      43
      29
      37
      39
      36
      36
      25
      39
      43
      36
      34
      42
      33
      36
      45
      38
      33
      27
      40
      30
      29
      37
      35
      42
      27
      22
      20
      29
      41
      35
      29
      28
      32
      33
      27
      38
      26
      30
      25
      24
      30
      20
      32
      21
      27
      28
      32
      25
      22
      14
      34
      25
      19
      28
      30
      36
      26
      34
      22
      29
      32
      31
      32
      30
      25
      29
      27
      28
      22
      29
      37
      21
      22
      22
      34
      16
      22
      22
      29
      31
      24
      23
      17
      34
      31
      20
      26
      22
      29
      23
      30
      27
      21
      25
      15
      21
      32
      27
      19
      19
      25
      22
      16
      17
      31
      15
      19
      19
      20
      15
      21
      17
      16
      23
      19
      13
      12
      26
      28
      19
      25
      13
      13
      25
      14
      18
       9
      16
      19
      16
      23
      14
      19
      16
      14
      24
      12
      21
      17
      10
      17
      14
      20
      14
      12
      20
      12
      17
      11
      20
      26
      18
      19
      16
      23
      13
      32
      26
      24
      25
      19
      21
      27
      22
      25
      19
      18
      20
      40
      17
      30
      19
      25
      18
      22
      25
      25
      19
      20
      14
      20
      22
      22
      20
      15
      13
      21
      15
      18
      17
      11
      19
      15
      11
      17
      13
      16
      18
      17
      12
      18
      13
      13
      12
      14
      12
      11
      13
      16
      14
      14
      18
      14
      14
      17
      10
      17
      23
      15
      13
      14
      17
      15
      21
      14
      11
      13
      19
      13
      17
      15
      12
      14
      14
      12
      11
      15
      18
      13
      12
      10
       9
      13
       6
       7
       6
       9
       7
      12
       4
       5
       8
      10
      12
       5
       6
       8
       3
       5
       8
       2
       4
       5
       0
       6
       5
       2
       5
       0
       0
       0
       0
       0
       0
       0
       0
       0
       0
       0
       0
       0
       0
       0
       0
       0
       0
       0
       0
       0
       0
$ROI:
0
$PRESETS:
Live Time
600
0
$ENER_FIT:
0.000000 3.000000
$MCA_CAL:
3
0.000000E+000 3.000000E+000 0.000000E+000 keV
$SHAPE_CAL:
3
0.000000E+000 0.000000E+000 0.000000E+000
