$SPEC_ID:
Count period 029
$SPEC_REM:
DET# 1
DETDESC# SE-PHYS-320-H37 Model 927 SN 7149528 Input 1
AP# Maestro Version 7.01
$DATE_MEA:
06/19/2025 13:50:21
$MEAS_TIM:
599 600
$DATA:
0 511
       0
       0
       0
       0
       0
       1
     169
     200
     188
     191
     232
     245
     280
     276
     302
     332
     385
     376
     473
     445
     588
     658
     715
     771
     919
     988
    1020
    1036
    1066
    1059
    1086
    1011
    1000
    1025
     914
     971
     957
     925
     950
     929
     906
     899
     885
     827
     824
     884
     815
     795
     770
     746
     735
     710
     653
     635
     622
     652
     590
     644
     606
     627
     581
     532
     524
     565
     505
     500
     468
     478
     425
     466
     410
     433
     431
     405
     416
     371
     375
     368
     371
     348
     340
     317
     304
     298
     268
     270
     227
     246
     228
     266
     239
     236
     235
     224
     208
     210
     189
     207
     201
     187
     180
     187
     182
     189
     159
     171
     156
     151
     159
     165
     158
     157
     143
     135
     119
     119
     127
     124
     144
     113
     103
     111
     110
     101
      97
     103
     107
     103
     112
      91
      95
      70
      75
      76
      85
      90
      91
      77
      77
      79
      80
      81
      73
      80
      89
      60
      79
      60
      59
      69
      70
      65
      56
      73
      80
      63
      85
      76
      70
      48
      61
      75
      61
      71
      59
      68
      52
      73
      46
      54
      67
      48
      59
      59
      53
      54
      60
      48
      77
      63
      61
      58
      50
      72
      48
      53
      49
      50
      64
      49
      50
      62
      60
      54
      54
      53
      48
      45
      45
      44
      45
      35
      53
      45
      40
      20
      42
      30
      23
      37
      40
      41
      32
      28
      30
      30
      28
      33
      35
      42
      27
      39
      33
      26
      23
      43
      31
      21
      27
      23
      22
      33
      28
      23
      31
      26
      29
      24
      30
      18
      25
      23
      23
      26
      21
      24
      28
      24
      19
      21
      18
      18
      19
      30
      30
      29
      19
      19
      25
      29
      24
      28
      20
      22
      24
      17
      31
      29
      24
      17
      14
      21
      21
      20
      30
      17
      21
      21
      23
      20
      27
      24
      24
      23
      17
      21
      18
      19
      16
      20
      20
      21
      15
      23
      23
      23
      22
      20
      21
      23
      27
      23
      14
      21
      15
      25
      17
      14
      21
      15
      16
      19
      24
      15
      17
      14
      25
      19
      15
      18
      18
      16
       9
      12
      15
      13
      11
      13
      10
      15
      14
      12
       9
      20
      13
       9
      13
      17
      16
      18
      17
      13
      18
      13
      16
      17
      14
      18
      22
      15
      16
      15
      19
      12
      16
      11
      11
      12
      12
      12
       8
      14
      15
       6
       9
      14
       9
      13
      13
      16
      14
      14
      18
      10
      13
       9
       9
      10
       7
       9
      15
       9
       5
       8
      12
       8
       7
      10
       4
       4
       6
       5
       8
      10
       7
      10
      12
      10
       9
       3
      15
      10
       9
       7
       9
      14
       4
      12
       7
      10
       8
       8
       6
       7
      12
      12
      10
      10
       8
       8
      13
      10
       7
      11
      17
      22
       8
      10
      15
      13
      16
      16
      19
      19
      11
      16
      15
      14
      16
       7
      11
      13
      11
       7
      17
      19
      19
      15
       8
      18
      12
      13
      11
      17
      20
      16
      18
      11
      16
      12
      10
       4
      13
      11
       7
       2
      10
      10
       3
       5
      11
       6
       9
       5
       8
       9
      11
       7
      14
       6
       4
       5
       7
       5
       4
       5
       6
       5
       4
       2
       0
       0
       0
       0
       0
       0
       0
       0
       0
       0
       0
       0
       0
       0
       0
       0
       0
       0
       0
       0
       0
       0
$ROI:
0
$PRESETS:
Live Time
600
0
$ENER_FIT:
0.000000 3.000000
$MCA_CAL:
3
0.000000E+000 3.000000E+000 0.000000E+000 keV
$SHAPE_CAL:
3
0.000000E+000 0.000000E+000 0.000000E+000
