$SPEC_ID:
Count period 029
$SPEC_REM:
DET# 1
DETDESC# SE-PHYS-320-H37 Model 927 SN 7149528 Input 1
AP# Maestro Version 7.01
$DATE_MEA:
06/19/2025 13:29:39
$MEAS_TIM:
299 300
$DATA:
0 511
       0
       0
       0
       0
       0
       0
     132
     110
      97
      92
     116
     128
     150
     147
     173
     204
     195
     216
     218
     259
     329
     342
     391
     463
     463
     544
     559
     591
     553
     584
     525
     562
     566
     531
     515
     558
     499
     519
     457
     482
     467
     461
     454
     442
     426
     449
     419
     411
     382
     353
     388
     365
     338
     320
     320
     356
     328
     314
     319
     292
     328
     313
     293
     273
     253
     283
     218
     252
     262
     254
     234
     220
     198
     216
     188
     204
     199
     194
     184
     198
     156
     152
     160
     140
     159
     134
     135
     135
     132
     141
     147
     125
     118
      99
     125
     108
     105
     107
     106
     108
     115
      90
      93
      98
      97
      95
     107
     102
      81
     100
      87
      71
      87
      86
      80
      67
      62
      77
      73
      93
      61
      66
      74
      66
      57
      47
      54
      55
      49
      51
      44
      55
      51
      54
      46
      59
      47
      45
      65
      61
      55
      56
      65
      63
      44
      51
      48
      72
      73
      78
      50
      59
      64
      64
      80
      65
      84
      99
      89
      82
     115
      96
      91
      86
      84
      85
      82
      70
      58
      61
      75
      57
      65
      78
      56
      49
      54
      59
      37
      44
      42
      58
      38
      31
      37
      38
      29
      31
      40
      35
      31
      26
      23
      38
      30
      29
      30
      27
      31
      30
      22
      27
      32
      24
      24
      25
      24
      22
      24
      15
      17
      34
      23
      25
      24
      17
      18
      25
      15
      14
      17
      20
      12
      21
      19
      28
      30
      21
      12
      18
      21
      17
      11
      18
      18
      14
      21
      13
      15
      15
      16
      17
      16
      20
      14
      16
      17
      12
      17
      24
      17
      14
      19
      17
      15
       5
      23
      14
      12
      12
      19
      12
      20
      12
      12
      11
      14
      15
      14
      11
      19
      12
      17
      20
       5
      19
      15
      22
      14
      10
      14
      15
      12
      18
      18
      10
      13
      19
      18
      17
      17
      16
      19
      15
      12
      21
      15
      16
      13
      18
      11
      12
       8
      13
       6
      12
      12
      12
      11
      10
      11
       5
       8
      11
      16
      11
      15
      15
      12
      12
       6
      11
       9
      11
      13
       4
       9
       5
       8
       6
       8
       9
       6
      11
      10
      15
      16
      18
      15
       8
       8
       9
       5
       7
       7
       4
       8
       7
       8
       7
      10
       7
       6
      13
       7
      12
       8
      11
       7
      14
       8
      10
      14
      20
      12
       5
      10
       7
      17
       6
      10
       9
      17
       9
      10
      12
      12
      10
      11
      15
      10
      15
      10
       9
      20
      15
      12
      13
      18
      15
      13
      16
      11
      10
       9
      13
      13
       6
      10
       9
       8
       8
      11
       8
      10
      10
       7
      13
       4
      11
       6
       5
       9
       6
       9
       7
       9
       7
      11
       5
       7
       5
      10
       8
       4
       3
       7
       7
      13
      10
       7
      10
       7
      10
       9
      11
      13
       6
       5
      12
       6
       2
      12
      11
       8
      10
       6
       8
      11
       2
       6
       8
       4
      10
      10
       6
       6
       6
       4
       3
       2
       6
       2
       4
       3
       4
       7
       2
       2
       3
       2
       5
       3
       2
       2
       4
       2
       0
       3
       3
       1
       1
       1
       4
       2
       3
       1
       2
       3
       0
       0
       0
       0
       0
       0
       0
       0
       0
       0
       0
       0
       0
       0
       0
       0
       0
       0
       0
       0
       0
       0
       0
$ROI:
0
$PRESETS:
Live Time
300
0
$ENER_FIT:
0.000000 3.000000
$MCA_CAL:
3
0.000000E+000 3.000000E+000 0.000000E+000 keV
$SHAPE_CAL:
3
0.000000E+000 0.000000E+000 0.000000E+000
