$SPEC_ID:
Count period 029
$SPEC_REM:
DET# 1
DETDESC# SE-PHYS-320-H37 Model 927 SN 7149528 Input 1
AP# Maestro Version 7.01
$DATE_MEA:
06/19/2025 13:03:33
$MEAS_TIM:
299 300
$DATA:
0 511
       0
       0
       0
       0
       0
       1
     823
    1120
    1377
    1556
    1547
    1405
    1199
     908
     653
     650
     884
    1500
    2397
    3425
    4697
    5708
    5831
    5768
    4774
    3612
    2586
    1863
    1281
     910
     705
     595
     585
     490
     501
     464
     479
     445
     491
     444
     474
     472
     452
     442
     404
     420
     373
     384
     370
     345
     374
     327
     344
     339
     327
     296
     300
     300
     273
     290
     250
     263
     248
     295
     239
     269
     271
     232
     231
     203
     203
     217
     221
     193
     185
     184
     189
     186
     169
     151
     185
     137
     149
     161
     120
     135
     118
     112
     117
     102
     116
     117
      97
     108
     104
      93
      94
      90
      92
      86
      92
     103
      74
      89
      80
      86
      96
      74
      89
      91
      73
      85
      65
      61
      62
      62
      59
      70
      65
      69
      59
      44
      56
      59
      58
      46
      48
      49
      47
      59
      55
      31
      42
      41
      46
      59
      41
      40
      20
      26
      36
      30
      25
      36
      21
      47
      36
      24
      37
      32
      31
      35
      38
      30
      30
      29
      34
      34
      46
      34
      23
      28
      30
      28
      38
      17
      21
      22
      28
      26
      25
      18
      27
      29
      23
      33
      28
      32
      32
      29
      31
      30
      29
      30
      29
      22
      25
      27
      36
      19
      36
      22
      24
      20
      27
      32
      17
      20
      18
      33
      24
      23
      24
      31
      21
      13
      27
      18
      22
      17
      26
      13
      23
      12
      16
      16
      13
      15
      12
      12
      11
      20
      18
      13
      13
      13
      12
      16
      12
      19
      16
      14
      10
      14
      14
      16
      16
      11
      14
      15
      13
      11
      18
      12
      16
       9
      12
       5
       9
      11
      13
       8
       8
      10
       5
      12
      11
      14
      15
       9
       6
      13
      12
       9
      19
       9
       8
      12
      12
      12
      10
      10
      13
      10
      15
       9
       9
      11
       9
       9
      17
      11
      11
      11
      13
      15
      12
      12
       6
       9
      16
       7
       9
      11
       8
       3
      11
      10
      11
      11
       9
       4
      13
      11
       8
      14
       6
       8
       2
      11
       9
       7
      11
       8
       3
       9
       5
       6
       5
       9
      13
       4
       9
       9
      12
       7
      11
       8
       4
       5
       3
       8
      12
      11
       5
       7
       7
       5
       8
       5
       8
       6
       9
       2
       8
       6
       3
       9
       6
       7
       4
       7
       7
      11
       5
       4
       7
       1
       7
       5
       7
       8
       5
       8
       2
       3
       5
       8
       6
       5
       5
       4
      11
       5
       8
       4
       6
       3
       9
       7
       4
       4
       2
       7
       5
       3
       4
       4
       2
       6
       7
       4
       8
       4
       3
       7
       3
       3
       4
       9
       2
       6
       6
       6
       3
       1
       6
       7
       4
       5
       6
       4
       9
       6
       9
       4
       5
       6
       5
      13
       6
       5
       6
       7
       6
       9
       6
       8
       7
      11
       7
      12
       4
       7
       9
       6
       7
      12
       8
       7
       3
       9
       7
       3
       7
       2
       3
       4
      10
       9
       8
       6
       4
       9
       6
       2
       7
       5
       5
       6
       1
       4
       2
       1
       1
       2
       2
       3
       2
       3
       3
       2
       6
       1
       2
       1
       5
       1
       2
       1
       3
       2
       0
       4
       2
       1
       1
       0
       1
       3
       2
       0
       0
       0
       0
       0
       0
       0
       0
       0
       0
       0
       0
       0
       0
       0
       0
       0
       0
       0
       0
       0
$ROI:
0
$PRESETS:
Live Time
300
0
$ENER_FIT:
0.000000 3.000000
$MCA_CAL:
3
0.000000E+000 3.000000E+000 0.000000E+000 keV
$SHAPE_CAL:
3
0.000000E+000 0.000000E+000 0.000000E+000
