$SPEC_ID:
Count period 029
$SPEC_REM:
DET# 1
DETDESC# SE-PHYS-320-H37 Model 927 SN 7149528 Input 1
AP# Maestro Version 7.01
$DATE_MEA:
06/19/2025 13:10:57
$MEAS_TIM:
299 300
$DATA:
0 511
       0
       0
       0
       0
       0
       0
     120
     114
     110
     102
     125
     115
     145
     137
     159
     165
     205
     206
     230
     262
     310
     313
     389
     428
     484
     457
     540
     535
     548
     543
     564
     533
     515
     518
     480
     501
     456
     448
     436
     485
     431
     445
     373
     408
     435
     428
     372
     383
     374
     380
     362
     358
     364
     336
     313
     305
     310
     305
     276
     290
     271
     270
     277
     279
     230
     265
     249
     230
     227
     210
     231
     211
     192
     214
     208
     178
     160
     174
     170
     170
     143
     142
     154
     141
     148
     126
     135
     121
     119
     106
     113
      96
     111
      89
      96
     100
     110
      91
      81
      85
      85
      88
      86
      69
      72
      71
      78
      61
      80
      79
      57
      68
      85
      78
      66
      72
      56
      58
      62
      45
      56
      66
      52
      51
      43
      66
      50
      54
      44
      36
      57
      36
      47
      44
      43
      54
      42
      28
      34
      41
      38
      30
      26
      37
      30
      28
      32
      26
      34
      32
      31
      31
      37
      39
      28
      25
      30
      21
      25
      41
      38
      34
      23
      29
      30
      26
      26
      28
      24
      26
      26
      27
      28
      19
      33
      28
      23
      27
      24
      29
      18
      33
      18
      25
      31
      25
      32
      33
      16
      36
      17
      30
      17
      29
      32
      27
      30
      24
      24
      21
      20
      22
      21
      12
      25
      18
      17
      15
      16
      14
      13
      20
      13
      14
      15
      20
      16
      18
       9
      17
      14
      13
      16
      14
       8
      11
      15
       9
      14
      12
      11
      10
      12
      16
      16
      10
      10
      16
      13
       9
      15
      18
      16
      11
      11
      13
      13
      15
      14
       3
       9
      12
      16
       3
       8
      11
       7
      13
       6
      10
       9
      14
       9
      12
      15
      12
      10
      17
      11
       9
       9
      10
      20
       8
       8
      11
      12
       7
      11
      14
       9
       8
       9
       9
      14
      13
       4
       6
       8
      14
      13
      13
      13
       7
      12
      13
       7
      10
       9
       8
       9
      15
      11
       6
       8
       9
      11
       5
       5
       4
       6
       7
       9
       6
      10
       8
       5
       8
       8
       9
       7
      11
       3
       5
       9
       9
      10
      15
       5
      10
      11
       9
       8
       8
      11
       4
       2
       9
       5
       8
       4
       9
       6
      13
       9
       9
       9
       7
      11
       3
       9
       7
       3
       7
       7
      12
       1
       5
       8
       6
       7
       9
       0
       4
       8
       7
       7
       9
       3
       7
       3
       2
       4
       5
       8
       3
       2
       4
       0
       6
       2
       5
       4
       4
       6
       4
       7
       6
       3
       7
       8
       4
       3
       4
       3
       5
       4
       3
       5
       4
       4
       8
       5
       5
      11
       2
       5
       7
       7
       4
       3
      15
       2
       5
       3
       6
       6
       5
       3
       4
       7
       4
       9
       2
       4
      11
      10
      16
       6
       7
       9
       8
       8
       7
       7
      11
       9
       6
       4
      12
       9
       4
       5
      10
       9
       7
       5
      10
       8
       5
       7
       5
       2
       7
       5
       6
       3
       2
       3
       7
       7
       3
       3
       2
       4
       3
       4
       3
       1
       6
       3
       1
       1
       0
       4
       3
       5
       5
       5
       2
       1
       3
       1
       2
       1
       4
       4
       2
       1
       1
       0
       0
       0
       0
       0
       0
       0
       0
       0
       0
       0
       0
       0
       0
       0
       0
       0
       0
       0
       0
       0
       0
$ROI:
0
$PRESETS:
Live Time
300
0
$ENER_FIT:
0.000000 3.000000
$MCA_CAL:
3
0.000000E+000 3.000000E+000 0.000000E+000 keV
$SHAPE_CAL:
3
0.000000E+000 0.000000E+000 0.000000E+000
