$SPEC_ID:
Count period 029
$SPEC_REM:
DET# 1
DETDESC# SE-PHYS-320-H37 Model 927 SN 7149528 Input 1
AP# Maestro Version 7.01
$DATE_MEA:
06/19/2025 13:22:56
$MEAS_TIM:
299 300
$DATA:
0 511
       0
       0
       0
       0
       0
       0
     112
      88
      84
     102
     108
     130
     130
     122
     154
     165
     179
     182
     245
     261
     306
     377
     364
     425
     460
     501
     508
     489
     541
     525
     503
     507
     557
     463
     483
     457
     512
     497
     445
     478
     449
     414
     420
     420
     428
     401
     387
     381
     363
     365
     346
     346
     364
     333
     319
     340
     308
     282
     281
     304
     285
     278
     260
     252
     234
     232
     237
     243
     204
     198
     220
     213
     225
     184
     186
     201
     201
     153
     193
     159
     159
     156
     143
     128
     143
     125
     124
     116
     113
     126
     125
     111
     106
      99
     101
      99
     104
      90
     104
      73
      85
      77
      78
      65
      79
      81
      84
      75
      85
      67
      82
      86
      73
      74
      68
      62
      73
      61
      56
      50
      70
      68
      50
      53
      49
      57
      55
      45
      56
      51
      45
      44
      44
      36
      45
      38
      37
      45
      33
      42
      33
      29
      39
      36
      37
      43
      32
      34
      31
      31
      32
      36
      41
      38
      28
      26
      24
      21
      33
      42
      29
      31
      23
      30
      30
      26
      31
      25
      28
      36
      24
      34
      25
      27
      25
      16
      29
      13
      35
      43
      22
      28
      26
      23
      33
      45
      30
      27
      23
      22
      21
      23
      21
      24
      19
      29
      23
      17
      20
      41
      22
      18
      19
      18
      30
      20
      18
      15
      20
      14
      15
      23
      24
      19
      13
      10
      15
      12
      19
      12
      17
      11
      11
      14
      12
      11
       9
      12
       7
      10
      14
      13
      16
      23
      15
      13
      12
      12
      13
      11
      10
       9
      16
      13
      16
      10
      10
       9
      15
       6
       7
       9
       9
       9
      14
      14
       5
       8
      12
       7
       7
       9
      20
      18
      14
      14
      17
      14
      18
       7
      11
       7
      14
      14
       8
       9
      12
       8
      10
      14
      10
      14
      14
       8
      14
      11
       8
      13
       7
      10
       9
       7
       7
       9
      11
      12
       5
      10
      11
       9
      10
       7
      10
       5
      11
      12
       3
      12
       8
       7
       9
       6
       4
      11
       4
      16
       7
       4
       7
       8
      14
      10
      10
       7
       8
       8
      11
       7
       6
       8
       7
       9
      10
       6
       8
       6
       5
       9
       8
       7
       4
       7
      13
       7
       3
       3
       9
       4
      13
       6
       3
       3
       7
       6
      12
       9
       8
       9
       6
       6
       7
       4
       7
       8
       7
      11
       6
      12
      10
       6
       4
       5
       4
       7
       4
       6
       6
       7
       6
       4
       6
       5
       7
       4
       8
       3
       5
       5
       5
       6
       6
       5
       9
       3
       6
       1
       5
       3
       3
       2
       1
       5
       6
       6
       4
       3
       9
       5
       3
       2
       4
       4
       7
       7
       6
       6
       2
       4
       4
       4
      12
       4
       6
       4
       7
       6
       7
       7
       5
       6
       6
       4
       6
       2
       5
      11
      12
      11
      10
       4
       7
       7
       5
       8
       3
       6
      14
       9
       5
      13
       4
       4
      10
       6
       2
       2
       7
       9
       4
       4
       3
       5
       2
       7
       8
       4
       3
       2
       2
       4
       1
       1
       3
       3
       4
       1
       2
       3
       5
       1
       1
       2
       4
       1
       2
       2
       0
       0
       1
       1
       0
       0
       0
       0
       0
       0
       0
       0
       0
       0
       0
       0
       0
       0
       0
       0
       0
       0
       0
       0
       0
       0
$ROI:
0
$PRESETS:
Live Time
300
0
$ENER_FIT:
0.000000 3.000000
$MCA_CAL:
3
0.000000E+000 3.000000E+000 0.000000E+000 keV
$SHAPE_CAL:
3
0.000000E+000 0.000000E+000 0.000000E+000
