$SPEC_ID:
Count period 029
$SPEC_REM:
DET# 1
DETDESC# SE-PHYS-320-H37 Model 927 SN 7149528 Input 1
AP# Maestro Version 7.01
$DATE_MEA:
06/19/2025 13:17:16
$MEAS_TIM:
299 300
$DATA:
0 511
       0
       0
       0
       0
       0
       1
     160
     158
     195
     163
     195
     208
     221
     215
     238
     264
     296
     293
     315
     352
     397
     412
     469
     489
     605
     650
     652
     633
     685
     662
     603
     593
     592
     605
     556
     565
     580
     553
     588
     556
     552
     527
     564
     519
     512
     475
     468
     462
     455
     438
     463
     421
     437
     456
     388
     381
     393
     421
     354
     381
     371
     378
     349
     367
     367
     307
     387
     340
     328
     326
     331
     327
     306
     346
     297
     271
     325
     291
     264
     286
     261
     290
     251
     251
     258
     241
     233
     240
     227
     244
     234
     221
     203
     224
     202
     195
     188
     179
     220
     196
     189
     189
     176
     185
     183
     171
     153
     172
     169
     170
     152
     161
     164
     148
     186
     144
     162
     118
     160
     157
     155
     138
     159
     154
     128
     154
     132
     150
     160
     153
     142
     122
     135
     149
     122
     116
     149
     130
     135
     135
     126
     138
     123
     133
     101
     133
     113
     140
     137
     117
     133
     130
     106
     137
     140
     115
     120
     134
     128
     122
     119
      93
     137
     121
     106
     118
     127
     121
     135
     116
     117
     120
     114
     109
     119
     124
     127
     112
     110
     114
     103
     116
     104
     116
     115
     129
     117
     109
     100
     112
     129
     113
     118
      97
     106
     106
     112
      92
     107
     112
      97
     109
     123
     119
     127
      99
     119
     107
      91
     115
      98
      94
      89
      97
     121
      98
     121
     107
     104
     113
      98
      89
      95
      98
      94
      97
      80
      88
     105
      97
     113
     122
     104
      98
     120
      97
      71
     101
      88
      90
     102
      99
     120
     100
     111
      94
     113
      96
      84
     100
     106
      97
     108
      83
      89
     110
      95
      82
      89
      88
     110
      79
      80
     111
     105
      90
      98
      87
     106
      89
      86
      90
      94
      90
     105
      97
     109
      90
      94
      97
      92
     105
     110
      99
      79
     101
      88
      97
      90
     106
      90
      82
      99
      94
      81
      81
      74
      78
      76
      81
      77
      83
      69
      70
      67
      67
      81
      74
      74
      76
      62
      53
      60
      70
      67
      63
      62
      69
      58
      59
      60
      55
      58
      78
      75
      56
      78
      69
      62
      68
      79
      64
      80
      69
      77
      94
      97
      85
     109
     110
      99
     114
      98
     115
     114
     112
     100
     130
     111
     126
     116
     129
     108
     148
     129
     126
     129
     129
     112
     125
     124
     110
     119
     121
     108
     103
      99
     106
      90
     101
      79
     107
      89
      95
      83
      80
      82
      93
      93
      65
      91
      82
      76
      77
      53
      65
      74
      79
      96
      79
      85
      74
      84
      79
      87
      92
      81
      95
      83
      97
      88
      95
      82
      96
      92
      85
      74
      87
      75
      77
      78
      90
      70
      72
      69
      59
      67
      81
      69
      53
      71
      52
      60
      56
      46
      42
      36
      33
      55
      30
      23
      30
      33
      40
      29
      17
      23
      15
      22
      19
      17
      15
      12
      23
      15
      13
      14
      20
       5
      14
      11
       5
       9
       6
       5
       6
       6
       9
       5
       5
       2
       4
       2
       5
       6
       1
       4
       1
       6
       3
       6
       4
       4
       4
       0
       2
       2
       3
       2
       2
       3
       1
       0
       3
       0
       3
       3
       2
       4
       4
       1
       0
       0
       0
       0
       0
       0
       0
       0
       0
       0
       0
       0
       0
       0
       0
       0
       0
       0
       0
       0
       0
$ROI:
0
$PRESETS:
Live Time
300
0
$ENER_FIT:
0.000000 3.000000
$MCA_CAL:
3
0.000000E+000 3.000000E+000 0.000000E+000 keV
$SHAPE_CAL:
3
0.000000E+000 0.000000E+000 0.000000E+000
