$SPEC_ID:
Count period 029
$SPEC_REM:
DET# 1
DETDESC# SE-PHYS-320-H37 Model 927 SN 7149528 Input 1
AP# Maestro Version 7.01
$DATE_MEA:
06/19/2025 14:08:15
$MEAS_TIM:
299 300
$DATA:
0 511
       0
       0
       0
       0
       0
       0
     106
      96
     107
      98
     109
     122
     134
     142
     167
     165
     173
     218
     219
     269
     285
     329
     359
     410
     418
     509
     535
     500
     515
     496
     529
     555
     561
     526
     532
     533
     499
     492
     451
     425
     508
     430
     431
     414
     389
     407
     403
     421
     413
     362
     317
     374
     328
     329
     327
     331
     313
     314
     312
     291
     311
     265
     265
     265
     277
     254
     224
     238
     231
     227
     226
     222
     217
     225
     188
     192
     224
     177
     191
     184
     177
     173
     172
     139
     134
     137
     138
     142
     127
     153
     133
     112
     115
     117
     104
     118
     114
      86
      84
     105
      90
      90
      80
      95
      76
      92
      65
      81
      80
      84
      70
      94
      82
      67
      68
      69
      71
      66
      66
      65
      63
      52
      44
      57
      64
      59
      59
      58
      50
      58
      45
      44
      41
      33
      45
      47
      35
      35
      35
      40
      35
      39
      35
      42
      32
      31
      32
      27
      34
      37
      37
      25
      34
      32
      44
      28
      27
      30
      29
      38
      35
      29
      28
      24
      30
      31
      28
      30
      19
      29
      29
      25
      28
      26
      36
      33
      32
      29
      30
      26
      31
      31
      22
      17
      36
      25
      21
      30
      28
      32
      31
      19
      33
      36
      30
      26
      23
      22
      20
      26
      23
      15
      23
      23
      18
      34
      16
      21
      14
      14
      23
      20
      18
      21
      12
      10
      16
       9
      19
      14
      14
       9
      12
      14
      14
       8
      13
      19
      12
      10
      14
      20
      14
      16
       7
       7
      10
      14
       9
       9
      15
      13
      15
      10
      11
      13
      16
      14
      13
       8
      15
       5
       8
      13
      10
      12
      14
      15
       9
       9
       9
       8
      12
       7
       7
      12
       8
       8
      12
      11
       9
       9
      14
       6
      13
       6
       9
      13
      18
       9
       7
      11
      15
      17
       5
      11
       5
      13
       9
      10
      12
      13
      10
       5
      12
       1
       5
       9
       7
      13
       6
       8
       5
       8
       6
      12
       3
       9
       8
      11
       5
       6
      10
       9
       4
       9
      10
       6
       9
      12
      11
       9
      13
      10
       8
      13
       4
       7
       8
       9
      11
       8
       9
       9
      10
       5
       9
       9
       8
       4
       5
       5
       8
       9
       9
       7
       6
      11
       7
       9
       4
      10
       5
       6
       8
       9
       7
       4
       6
       7
       6
       8
       5
       5
       9
      10
       4
       3
       7
       6
       9
       7
       7
       5
       6
       6
       9
       7
       6
       8
       4
       8
       7
       9
       7
       4
       5
       2
       6
       3
       3
       5
       8
       3
       8
       1
       3
       0
       5
       3
       4
       3
       4
       2
       4
       3
       3
       3
       1
       2
       5
       5
       3
       9
       7
       3
       3
       7
       3
       1
       5
      10
       5
       6
       5
       6
      10
       4
       9
       7
       3
       2
       8
       4
       4
       5
       7
       9
       8
       8
       6
       9
      10
       7
       7
       7
       2
      14
      13
       8
      12
       9
       3
       9
       7
       4
       3
       4
       8
       9
       6
       3
       3
       1
       1
       5
       2
       4
       5
       4
      11
       3
       4
       3
       4
       4
       6
       3
       7
       2
       4
       5
       5
       1
       1
       2
       2
       0
       2
       1
       0
       0
       0
       0
       0
       0
       0
       0
       0
       0
       0
       0
       0
       0
       0
       0
       0
       0
       0
       0
       0
       0
$ROI:
0
$PRESETS:
Live Time
300
0
$ENER_FIT:
0.000000 3.000000
$MCA_CAL:
3
0.000000E+000 3.000000E+000 0.000000E+000 keV
$SHAPE_CAL:
3
0.000000E+000 0.000000E+000 0.000000E+000
