$SPEC_ID:
Count period 029
$SPEC_REM:
DET# 1
DETDESC# SE-PHYS-320-H37 Model 927 SN 7149528 Input 1
AP# Maestro Version 7.01
$DATE_MEA:
06/19/2025 14:02:15
$MEAS_TIM:
299 300
$DATA:
0 511
       0
       0
       0
       0
       0
       0
     234
     269
     286
     304
     342
     332
     346
     364
     354
     378
     409
     384
     453
     457
     477
     556
     583
     599
     681
     764
     747
     831
     806
     849
     843
     791
     756
     687
     676
     637
     666
     679
     587
     596
     586
     596
     521
     541
     552
     513
     491
     524
     497
     504
     457
     437
     457
     420
     453
     427
     408
     397
     392
     369
     367
     342
     319
     323
     329
     316
     317
     313
     306
     310
     304
     291
     301
     265
     268
     231
     247
     226
     253
     188
     222
     231
     204
     197
     217
     189
     199
     199
     192
     161
     170
     168
     148
     144
     144
     151
     130
     133
     141
     134
     117
     132
     109
     119
     110
     116
     129
      98
      95
      88
      94
     100
      96
      91
     106
      88
     100
      81
      77
      80
      76
      75
      90
      77
      65
      64
      69
      52
      65
      66
      75
      65
      63
      68
      62
      56
      77
      52
      58
      48
      57
      55
      54
      55
      57
      44
      49
      37
      46
      45
      48
      49
      44
      48
      44
      51
      52
      52
      55
      33
      53
      35
      46
      52
      50
      33
      41
      38
      46
      36
      39
      36
      45
      30
      35
      29
      31
      32
      34
      26
      23
      37
      30
      27
      38
      27
      19
      24
      41
      36
      35
      38
      32
      32
      31
      30
      35
      34
      25
      23
      32
      31
      45
      32
      27
      23
      20
      24
      20
      16
      19
      15
      20
      14
      31
      23
      16
      20
      15
      16
      24
      13
      21
       9
       9
      16
      13
      15
      24
      12
      23
      17
      28
      24
       6
      22
      17
      12
      12
      17
       8
      20
      11
      20
      11
      11
      13
      12
      19
       5
      16
      12
      11
       9
      12
      17
      23
      15
      18
      16
       5
       7
      14
      10
      18
       7
       9
      14
       5
      14
      16
      19
      12
       7
      10
      18
      13
      17
      14
      13
       9
       7
      17
       9
       7
      15
      13
      14
      10
      12
       5
      13
      11
      16
      11
      11
      11
       6
       8
      15
      12
       7
       3
       5
      11
      10
      12
      15
      16
       8
      12
       8
      11
      11
       8
      11
       8
       9
      12
      11
       6
      11
       3
      12
      10
      12
      10
       8
       6
       5
       7
      13
       7
      11
      10
      11
       2
       5
       7
       9
       6
       9
       9
       7
       7
      11
       7
       9
       6
       6
       4
       7
      10
       5
      11
       6
       3
       4
      15
       6
       6
       5
       6
       9
       8
       3
       4
       9
       9
       3
       9
       1
       6
       4
       5
       6
       7
       4
       6
       3
       5
       5
       4
       5
       5
       4
       3
       2
       3
       6
       7
       1
       5
       3
       6
       5
       5
       3
       2
       2
       1
       6
       1
       3
       1
       2
       2
       3
       4
       5
       3
       2
       6
       3
       4
       4
       5
       4
       4
       9
       5
       2
       4
       3
       5
       9
       4
       6
       8
       3
       5
       3
       5
       6
       8
       4
       6
       8
       8
      10
       6
       7
       6
      12
       4
       6
       8
      12
       8
       9
       5
       9
       3
       5
       9
       6
       7
       8
       7
       8
       7
       8
       8
       7
       7
       5
       4
       5
       6
       4
       2
       6
       3
       0
       3
       4
       4
       4
       1
       1
       5
       0
       5
       1
       2
       1
       2
       4
       2
       2
       0
       0
       0
       0
       0
       0
       0
       0
       0
       0
       0
       0
       0
       0
       0
       0
       0
       0
       0
       0
       0
       0
$ROI:
0
$PRESETS:
Live Time
300
0
$ENER_FIT:
0.000000 3.000000
$MCA_CAL:
3
0.000000E+000 3.000000E+000 0.000000E+000 keV
$SHAPE_CAL:
3
0.000000E+000 0.000000E+000 0.000000E+000
